0.1 0.28
0 nan 3.14159 1.55813 5.93412 3.14159 3.11626 5.93412 3.14159 1.55813 0 3.14159 3.11626 0 3.14159 1.55813 0.523599 3.14159 3.11626 0.523599 3.14159 1.55813 0.698132 3.14159 3.11626 0.698132 3.14159 1.55813 5.75959 3.14159 nan nan nan nan nan nan
0.1 0.28
0 nan 3.14159 1.51964 5.93412 3.14159 3.03929 5.93412 3.14159 1.51964 0 3.14159 3.03929 0 3.14159 1.51964 0.523599 3.14159 3.03929 0.523599 3.14159 1.51964 0.698132 3.14159 3.03929 0.698132 3.14159 1.51964 5.75959 3.14159 nan nan nan nan nan nan
0.1 0.28
0 nan 3.14159 1.48273 5.93412 3.14159 2.96546 5.93412 3.14159 1.48273 0 3.14159 2.96546 0 3.14159 1.48273 0.523599 3.14159 2.96546 0.523599 3.14159 1.48273 0.698132 3.14159 2.96546 0.698132 3.14159 1.48273 5.75959 3.14159 nan nan nan nan nan nan
0.1 0.28
0 nan 3.14159 1.44503 5.93412 3.14159 2.89006 5.93412 3.14159 1.44503 0 3.14159 2.89006 0 3.14159 1.44503 0.523599 3.14159 2.89006 0.523599 3.14159 1.44503 0.698132 3.14159 2.89006 0.698132 3.14159 1.44503 5.75959 3.14159 nan nan nan nan nan nan
0.1 0.28
0 nan 3.14159 1.40733 5.93412 3.14159 2.81466 5.93412 3.14159 1.40733 0 3.14159 2.81466 0 3.14159 1.40733 0.523599 3.14159 2.81466 0.523599 3.14159 1.40733 0.698132 3.14159 2.81466 0.698132 3.14159 1.40733 5.75959 3.14159 nan nan nan nan nan nan
0.1 0.28
0 nan 3.14159 1.36885 5.93412 3.14159 2.73769 5.93412 3.14159 1.36885 0 3.14159 2.73769 0 3.14159 1.36885 0.523599 3.14159 2.73769 0.523599 3.14159 1.36885 0.698132 3.14159 2.73769 0.698132 3.14159 1.36885 5.75959 3.14159 nan nan nan nan nan nan
0.1 0.28
0 nan 3.14159 1.33114 5.93412 3.14159 2.66229 5.93412 3.14159 1.33114 0 3.14159 2.66229 0 3.14159 1.33114 0.523599 3.14159 2.66229 0.523599 3.14159 1.33114 0.698132 3.14159 2.66229 0.698132 3.14159 1.33114 5.75959 3.14159 nan nan nan nan nan nan
0.1 0.28
0 nan 3.14159 1.29423 5.93412 3.14159 2.58846 5.93412 3.14159 1.29423 0 3.14159 2.58846 0 3.14159 1.29423 0.523599 3.14159 2.58846 0.523599 3.14159 1.29423 0.698132 3.14159 2.58846 0.698132 3.14159 1.29423 5.75959 3.14159 nan nan nan nan nan nan
0.1 0.28
0 nan 3.14159 1.25574 5.93412 3.14159 2.51149 5.93412 3.14159 1.25574 0 3.14159 2.51149 0 3.14159 1.25574 0.523599 3.14159 2.51149 0.523599 3.14159 1.25574 0.698132 3.14159 2.51149 0.698132 3.14159 1.25574 5.75959 3.14159 nan nan nan nan nan nan
0.1 0.28
0 nan 3.14159 1.21883 5.93412 3.14159 2.43766 5.93412 3.14159 1.21883 0 3.14159 2.43766 0 3.14159 1.21883 0.523599 3.14159 2.43766 0.523599 3.14159 1.21883 0.698132 3.14159 2.43766 0.698132 3.14159 1.21883 5.75959 3.14159 nan nan nan nan nan nan
0.1 0.28
0 nan 3.14159 1.18113 5.93412 3.14159 2.36226 5.93412 3.14159 1.18113 0 3.14159 2.36226 0 3.14159 1.18113 0.523599 3.14159 2.36226 0.523599 3.14159 1.18113 0.698132 3.14159 2.36226 0.698132 3.14159 1.18113 5.75959 3.14159 nan nan nan nan nan nan
0.1 0.28
0 nan 3.14159 1.14343 5.93412 3.14159 2.28686 5.93412 3.14159 1.14343 0 3.14159 2.28686 0 3.14159 1.14343 0.523599 3.14159 2.28686 0.523599 3.14159 1.14343 0.698132 3.14159 2.28686 0.698132 3.14159 1.14343 5.75959 3.14159 nan nan nan nan nan nan
0.1 0.28
0 nan 3.14159 1.10495 5.93412 3.14159 2.20989 5.93412 3.14159 1.10495 0 3.14159 2.20989 0 3.14159 1.10495 0.523599 3.14159 2.20989 0.523599 3.14159 1.10495 0.698132 3.14159 2.20989 0.698132 3.14159 1.10495 5.75959 3.14159 nan nan nan nan nan nan
0.1 0.28
0 nan 3.14159 1.06725 5.93412 3.14159 2.13449 5.93412 3.14159 1.06725 0 3.14159 2.13449 0 3.14159 1.06725 0.523599 3.14159 2.13449 0.523599 3.14159 1.06725 0.698132 3.14159 2.13449 0.698132 3.14159 1.06725 5.75959 3.14159 nan nan nan nan nan nan
0.1 0.28
0 nan 3.14159 1.02955 5.93412 3.14159 2.05909 5.93412 3.14159 1.02955 0 3.14159 2.05909 0 3.14159 1.02955 0.523599 3.14159 2.05909 0.523599 3.14159 1.02955 0.698132 3.14159 2.05909 0.698132 3.14159 1.02955 5.75959 3.14159 nan nan nan nan nan nan
0.1 0.28
0 nan 3.14159 0.991846 5.93412 3.14159 1.98369 5.93412 3.14159 0.991846 0 3.14159 1.98369 0 3.14159 0.991846 0.523599 3.14159 1.98369 0.523599 3.14159 0.991846 0.698132 3.14159 1.98369 0.698132 3.14159 0.991846 5.75959 3.14159 nan nan nan nan nan nan
0.1 0.28
0 nan 3.14159 0.954932 5.93412 3.14159 1.90986 5.93412 3.14159 0.954932 0 3.14159 1.90986 0 3.14159 0.954932 0.523599 3.14159 1.90986 0.523599 3.14159 0.954932 0.698132 3.14159 1.90986 0.698132 3.14159 0.954932 5.75959 3.14159 nan nan nan nan nan nan
0.1 0.28
0 nan 3.14159 0.917232 5.93412 3.14159 1.83446 5.93412 3.14159 0.917232 0 3.14159 1.83446 0 3.14159 0.917232 0.523599 3.14159 1.83446 0.523599 3.14159 0.917232 0.698132 3.14159 1.83446 0.698132 3.14159 0.917232 5.75959 3.14159 nan nan nan nan nan nan
0.1 0.28
0 nan 3.14159 0.878746 5.93412 3.14159 1.75749 5.93412 3.14159 0.878746 0 3.14159 1.75749 0 3.14159 0.878746 0.523599 3.14159 1.75749 0.523599 3.14159 0.878746 0.698132 3.14159 1.75749 0.698132 3.14159 0.878746 5.75959 3.14159 nan nan nan nan nan nan
0.1 0.28
0 nan 3.14159 0.841045 5.93412 3.14159 1.68209 5.93412 3.14159 0.841045 0 3.14159 1.68209 0 3.14159 0.841045 0.523599 3.14159 1.68209 0.523599 3.14159 0.841045 0.698132 3.14159 1.68209 0.698132 3.14159 0.841045 5.75959 3.14159 nan nan nan nan nan nan
0.1 0.28
0 nan 3.14159 0.803345 5.93412 3.14159 1.60669 5.93412 3.14159 0.803345 0 3.14159 1.60669 0 3.14159 0.803345 0.523599 3.14159 1.60669 0.523599 3.14159 0.803345 0.698132 3.14159 1.60669 0.698132 3.14159 0.803345 5.75959 3.14159 nan nan nan nan nan nan
0.1 0.28
0 nan 3.14159 0.76643 5.93412 3.14159 1.53286 5.93412 3.14159 0.76643 0 3.14159 1.53286 0 3.14159 0.76643 0.523599 3.14159 1.53286 0.523599 3.14159 0.76643 0.698132 3.14159 1.53286 0.698132 3.14159 0.76643 5.75959 3.14159 nan nan nan nan nan nan
0.1 0.28
0 nan 3.14159 0.728731 5.93412 3.14159 1.45746 5.93412 3.14159 0.728731 0 3.14159 1.45746 0 3.14159 0.728731 0.523599 3.14159 1.45746 0.523599 3.14159 0.728731 0.698132 3.14159 1.45746 0.698132 3.14159 0.728731 5.75959 3.14159 nan nan nan nan nan nan
0.1 0.28
0 nan 3.14159 0.689461 5.93412 3.14159 1.37892 5.93412 3.14159 0.689461 0 3.14159 1.37892 0 3.14159 0.689461 0.523599 3.14159 1.37892 0.523599 3.14159 0.689461 0.698132 3.14159 1.37892 0.698132 3.14159 0.689461 5.75959 3.14159 nan nan nan nan nan nan
0.1 0.28
0 nan 3.14159 0.652547 5.93412 3.14159 1.30509 5.93412 3.14159 0.652547 0 3.14159 1.30509 0 3.14159 0.652547 0.523599 3.14159 1.30509 0.523599 3.14159 0.652547 0.698132 3.14159 1.30509 0.698132 3.14159 0.652547 5.75959 3.14159 nan nan nan nan nan nan
0.1 0.28
0 nan 3.14159 0.614846 5.93412 3.14159 1.22969 5.93412 3.14159 0.614846 0 3.14159 1.22969 0 3.14159 0.614846 0.523599 3.14159 1.22969 0.523599 3.14159 0.614846 0.698132 3.14159 1.22969 0.698132 3.14159 0.614846 5.75959 3.14159 nan nan nan nan nan nan
0.1 0.28
0 nan 3.14159 0.577932 5.93412 3.14159 1.15586 5.93412 3.14159 0.577932 0 3.14159 1.15586 0 3.14159 0.577932 0.523599 3.14159 1.15586 0.523599 3.14159 0.577932 0.698132 3.14159 1.15586 0.698132 3.14159 0.577932 5.75959 3.14159 nan nan nan nan nan nan
0.1 0.28
0 nan 3.14159 0.539446 5.93412 3.14159 1.07889 5.93412 3.14159 0.539446 0 3.14159 1.07889 0 3.14159 0.539446 0.523599 3.14159 1.07889 0.523599 3.14159 0.539446 0.698132 3.14159 1.07889 0.698132 3.14159 0.539446 5.75959 3.14159 nan nan nan nan nan nan
0.1 0.28
0 nan 3.14159 0.502532 5.93412 3.14159 1.00506 5.93412 3.14159 0.502532 0 3.14159 1.00506 0 3.14159 0.502532 0.523599 3.14159 1.00506 0.523599 3.14159 0.502532 0.698132 3.14159 1.00506 0.698132 3.14159 0.502532 5.75959 3.14159 nan nan nan nan nan nan
0.1 0.28
0 nan 3.14159 0.464831 5.93412 3.14159 0.929661 5.93412 3.14159 0.464831 0 3.14159 0.929661 0 3.14159 0.464831 0.523599 3.14159 0.929661 0.523599 3.14159 0.464831 0.698132 3.14159 0.929661 0.698132 3.14159 0.464831 5.75959 3.14159 nan nan nan nan nan nan
0.1 0.28
0 nan 3.14159 0.427131 5.93412 3.14159 0.854263 5.93412 3.14159 0.427131 0 3.14159 0.854263 0 3.14159 0.427131 0.523599 3.14159 0.854263 0.523599 3.14159 0.427131 0.698132 3.14159 0.854263 0.698132 3.14159 0.427131 5.75959 3.14159 nan nan nan nan nan nan
0.1 0.28
0 nan 3.14159 0.389432 5.93412 3.14159 0.778864 5.93412 3.14159 0.389432 0 3.14159 0.778864 0 3.14159 0.389432 0.523599 3.14159 0.778864 0.523599 3.14159 0.389432 0.698132 3.14159 0.778864 0.698132 3.14159 0.389432 5.75959 3.14159 nan nan nan nan nan nan
0.1 0.28
0 nan 3.14159 0.350946 5.93412 3.14159 0.701892 5.93412 3.14159 0.350946 0 3.14159 0.701892 0 3.14159 0.350946 0.523599 3.14159 0.701892 0.523599 3.14159 0.350946 0.698132 3.14159 0.701892 0.698132 3.14159 0.350946 5.75959 3.14159 nan nan nan nan nan nan
0.1 0.28
0 nan 3.14159 0.314032 5.93412 3.14159 0.628063 5.93412 3.14159 0.314032 0 3.14159 0.628063 0 3.14159 0.314032 0.523599 3.14159 0.628063 0.523599 3.14159 0.314032 0.698132 3.14159 0.628063 0.698132 3.14159 0.314032 5.75959 3.14159 nan nan nan nan nan nan
0.1 0.28
0 nan 3.14159 0.275547 5.93412 3.14159 0.551095 5.93412 3.14159 0.275547 0 3.14159 0.551095 0 3.14159 0.275547 0.523599 3.14159 0.551095 0.523599 3.14159 0.275547 0.698132 3.14159 0.551095 0.698132 3.14159 0.275547 5.75959 3.14159 nan nan nan nan nan nan