0.1 0.4
0.706014 nan 0 0.706014 0 0 0.706014 0 0 0.706014 0 0 0.706014 0 0 5.4184 5.93412 0 3.84761 5.93412 0 5.4184 5.75959 0 3.84761 5.75959 0 0.182415 5.75959 0 nan nan nan nan nan nan
0.1 0.4
0.649328 nan 0 0.649328 0 0 0.649328 0 0 0.649328 0 0 0.649328 0 0 5.36172 5.93412 0 3.79092 5.93412 0 5.36172 5.75959 0 3.79092 5.75959 0 0.125729 5.75959 0 nan nan nan nan nan nan
0.1 0.4
0.580791 nan 0 0.580791 0 0 0.580791 0 0 0.580791 0 0 0.580791 0 0 5.29318 5.93412 0 3.72238 5.93412 0 5.29318 5.75959 0 3.72238 5.75959 0 0.0571923 5.75959 0 nan nan nan nan nan nan
0.1 0.4
0.498911 nan 0 0.498911 0 0 0.498911 0 0 0.498911 0 0 0.498911 0 0 5.2113 5.93412 0 3.6405 5.93412 0 5.2113 5.75959 0 3.6405 5.75959 0 6.2585 5.75959 0 nan nan nan nan nan nan
0.1 0.4
0.406698 nan 0 0.406698 0 0 0.406698 0 0 0.406698 0 0 0.406698 0 0 5.11909 5.93412 0 3.54829 5.93412 0 5.11909 5.75959 0 3.54829 5.75959 0 6.16628 5.75959 0 nan nan nan nan nan nan
0.1 0.4
0.303895 nan 0 0.303895 0 0 0.303895 0 0 0.303895 0 0 0.303895 0 0 5.01628 5.93412 0 3.44549 5.93412 0 5.01628 5.75959 0 3.44549 5.75959 0 6.06348 5.75959 0 nan nan nan nan nan nan
0.1 0.4
0.199103 nan 0 0.199103 0 0 0.199103 0 0 0.199103 0 0 0.199103 0 0 4.91149 5.93412 0 3.3407 5.93412 0 4.91149 5.75959 0 3.3407 5.75959 0 5.95869 5.75959 0 nan nan nan nan nan nan
0.1 0.4
0.0880135 nan 0 0.0880135 0 0 0.0880135 0 0 0.0880135 0 0 0.0880135 0 0 4.8004 5.93412 0 3.22961 5.93412 0 4.8004 5.75959 0 3.22961 5.75959 0 5.8476 5.75959 0 nan nan nan nan nan nan
0.1 0.4
-0.0248922 nan 0 6.25829 0 0 6.25829 0 0 6.25829 0 0 6.25829 0 0 4.6875 5.93412 0 3.1167 5.93412 0 4.6875 5.75959 0 3.1167 5.75959 0 5.73469 5.75959 0 nan nan nan nan nan nan
0.1 0.4
-0.137294 nan 0 6.14589 0 0 6.14589 0 0 6.14589 0 0 6.14589 0 0 4.57509 5.93412 0 3.0043 5.93412 0 4.57509 5.75959 0 3.0043 5.75959 0 5.62229 5.75959 0 nan nan nan nan nan nan
0.1 0.4
-0.246848 nan 0 6.03634 0 0 6.03634 0 0 6.03634 0 0 6.03634 0 0 4.46554 5.93412 0 2.89474 5.93412 0 4.46554 5.75959 0 2.89474 5.75959 0 5.51274 5.75959 0 nan nan nan nan nan nan
0.1 0.4
-0.351292 nan 0 5.93189 0 0 5.93189 0 0 5.93189 0 0 5.93189 0 0 4.3611 5.93412 0 2.7903 5.93412 0 4.3611 5.75959 0 2.7903 5.75959 0 5.40829 5.75959 0 nan nan nan nan nan nan