0.1 0.5
0 0 3.14159 -1.30678 0.349066 3.14159 -2.61356 0.349066 3.14159 -1.30678 0 3.14159 -2.61356 0 3.14159 -1.30678 5.75959 3.14159 -2.61356 5.75959 3.14159 -1.30678 5.58505 3.14159 -2.61356 5.58505 3.14159 -0.0850504 0.785398 4.71239 nan nan nan nan nan nan
0.1 0.5
0 0 3.14159 -1.2683 0.349066 3.14159 -2.53659 0.349066 3.14159 -1.2683 0 3.14159 -2.53659 0 3.14159 -1.2683 5.75959 3.14159 -2.53659 5.75959 3.14159 -1.2683 5.58505 3.14159 -2.53659 5.58505 3.14159 -0.046566 0.785398 4.71239 nan nan nan nan nan nan
0.1 0.5
0 0 3.14159 -1.2306 0.349066 3.14159 -2.46119 0.349066 3.14159 -1.2306 0 3.14159 -2.46119 0 3.14159 -1.2306 5.75959 3.14159 -2.46119 5.75959 3.14159 -1.2306 5.58505 3.14159 -2.46119 5.58505 3.14159 -0.00886516 0.785398 4.71239 nan nan nan nan nan nan
0.1 0.5
0 0 3.14159 -1.19211 0.349066 3.14159 -2.38422 0.349066 3.14159 -1.19211 0 3.14159 -2.38422 0 3.14159 -1.19211 5.75959 3.14159 -2.38422 5.75959 3.14159 -1.19211 5.58505 3.14159 -2.38422 5.58505 3.14159 0.0296192 0.785398 4.71239 nan nan nan nan nan nan
0.1 0.5
0 0 3.14159 -1.1552 0.349066 3.14159 -2.31039 0.349066 3.14159 -1.1552 0 3.14159 -2.31039 0 3.14159 -1.1552 5.75959 3.14159 -2.31039 5.75959 3.14159 -1.1552 5.58505 3.14159 -2.31039 5.58505 3.14159 0.0665336 0.785398 4.71239 nan nan nan nan nan nan
0.1 0.5
0 0 3.14159 -1.1175 0.349066 3.14159 -2.23499 0.349066 3.14159 -1.1175 0 3.14159 -2.23499 0 3.14159 -1.1175 5.75959 3.14159 -2.23499 5.75959 3.14159 -1.1175 5.58505 3.14159 -2.23499 5.58505 3.14159 0.104234 0.785398 4.71239 nan nan nan nan nan nan
0.1 0.5
0 0 3.14159 -1.0798 0.349066 3.14159 -2.15959 0.349066 3.14159 -1.0798 0 3.14159 -2.15959 0 3.14159 -1.0798 5.75959 3.14159 -2.15959 5.75959 3.14159 -1.0798 5.58505 3.14159 -2.15959 5.58505 3.14159 0.141935 0.785398 4.71239 nan nan nan nan nan nan
0.1 0.5
0 0 3.14159 -1.04288 0.349066 3.14159 -2.08576 0.349066 3.14159 -1.04288 0 3.14159 -2.08576 0 3.14159 -1.04288 5.75959 3.14159 -2.08576 5.75959 3.14159 -1.04288 5.58505 3.14159 -2.08576 5.58505 3.14159 0.17885 0.785398 4.71239 nan nan nan nan nan nan
0.1 0.5
0 0 3.14159 -1.0044 0.349066 3.14159 -2.00879 0.349066 3.14159 -1.0044 0 3.14159 -2.00879 0 3.14159 -1.0044 5.75959 3.14159 -2.00879 5.75959 3.14159 -1.0044 5.58505 3.14159 -2.00879 5.58505 3.14159 0.217334 0.785398 4.71239 nan nan nan nan nan nan
0.1 0.5
0 0 3.14159 -0.966695 0.349066 3.14159 -1.93339 0.349066 3.14159 -0.966695 0 3.14159 -1.93339 0 3.14159 -0.966695 5.75959 3.14159 -1.93339 5.75959 3.14159 -0.966695 5.58505 3.14159 -1.93339 5.58505 3.14159 0.255035 0.785398 4.71239 nan nan nan nan nan nan
0.1 0.5
0 0 3.14159 -0.929781 0.349066 3.14159 -1.85956 0.349066 3.14159 -0.929781 0 3.14159 -1.85956 0 3.14159 -0.929781 5.75959 3.14159 -1.85956 5.75959 3.14159 -0.929781 5.58505 3.14159 -1.85956 5.58505 3.14159 0.291949 0.785398 4.71239 nan nan nan nan nan nan
0.1 0.5
0 0 3.14159 -0.892082 0.349066 3.14159 -1.78416 0.349066 3.14159 -0.892082 0 3.14159 -1.78416 0 3.14159 -0.892082 5.75959 3.14159 -1.78416 5.75959 3.14159 -0.892082 5.58505 3.14159 -1.78416 5.58505 3.14159 0.329649 0.785398 4.71239 nan nan nan nan nan nan
0.1 0.5
0 0 3.14159 -0.854382 0.349066 3.14159 -1.70876 0.349066 3.14159 -0.854382 0 3.14159 -1.70876 0 3.14159 -0.854382 5.75959 3.14159 -1.70876 5.75959 3.14159 -0.854382 5.58505 3.14159 -1.70876 5.58505 3.14159 0.367348 0.785398 4.71239 nan nan nan nan nan nan
0.1 0.5
0 0 3.14159 -0.815897 0.349066 3.14159 -1.63179 0.349066 3.14159 -0.815897 0 3.14159 -1.63179 0 3.14159 -0.815897 5.75959 3.14159 -1.63179 5.75959 3.14159 -0.815897 5.58505 3.14159 -1.63179 5.58505 3.14159 0.405834 0.785398 4.71239 nan nan nan nan nan nan
0.1 0.5
0 0 3.14159 -0.778984 0.349066 3.14159 -1.55797 0.349066 3.14159 -0.778984 0 3.14159 -1.55797 0 3.14159 -0.778984 5.75959 3.14159 -1.55797 5.75959 3.14159 -0.778984 5.58505 3.14159 -1.55797 5.58505 3.14159 0.442747 0.785398 4.71239 nan nan nan nan nan nan
0.1 0.5
0 0 3.14159 -0.741283 0.349066 3.14159 -1.48257 0.349066 3.14159 -0.741283 0 3.14159 -1.48257 0 3.14159 -0.741283 5.75959 3.14159 -1.48257 5.75959 3.14159 -0.741283 5.58505 3.14159 -1.48257 5.58505 3.14159 0.480448 0.785398 4.71239 nan nan nan nan nan nan
0.1 0.5
0 0 3.14159 -0.702797 0.349066 3.14159 -1.40559 0.349066 3.14159 -0.702797 0 3.14159 -1.40559 0 3.14159 -0.702797 5.75959 3.14159 -1.40559 5.75959 3.14159 -0.702797 5.58505 3.14159 -1.40559 5.58505 3.14159 0.518934 0.785398 4.71239 nan nan nan nan nan nan
0.1 0.5
0 0 3.14159 -0.665884 0.349066 3.14159 -1.33177 0.349066 3.14159 -0.665884 0 3.14159 -1.33177 0 3.14159 -0.665884 5.75959 3.14159 -1.33177 5.75959 3.14159 -0.665884 5.58505 3.14159 -1.33177 5.58505 3.14159 0.555847 0.785398 4.71239 nan nan nan nan nan nan
0.1 0.5
0 0 3.14159 -0.628185 0.349066 3.14159 -1.25637 0.349066 3.14159 -0.628185 0 3.14159 -1.25637 0 3.14159 -0.628185 5.75959 3.14159 -1.25637 5.75959 3.14159 -0.628185 5.58505 3.14159 -1.25637 5.58505 3.14159 0.593546 0.785398 4.71239 nan nan nan nan nan nan
0.1 0.5
0 0 3.14159 -0.5897 0.349066 3.14159 -1.1794 0.349066 3.14159 -0.5897 0 3.14159 -1.1794 0 3.14159 -0.5897 5.75959 3.14159 -1.1794 5.75959 3.14159 -0.5897 5.58505 3.14159 -1.1794 5.58505 3.14159 0.63203 0.785398 4.71239 nan nan nan nan nan nan
0.1 0.5
0 0 3.14159 -0.552001 0.349066 3.14159 -1.104 0.349066 3.14159 -0.552001 0 3.14159 -1.104 0 3.14159 -0.552001 5.75959 3.14159 -1.104 5.75959 3.14159 -0.552001 5.58505 3.14159 -1.104 5.58505 3.14159 0.66973 0.785398 4.71239 nan nan nan nan nan nan
0.1 0.5
0 0 3.14159 -0.514302 0.349066 3.14159 -1.0286 0.349066 3.14159 -0.514302 0 3.14159 -1.0286 0 3.14159 -0.514302 5.75959 3.14159 -1.0286 5.75959 3.14159 -0.514302 5.58505 3.14159 -1.0286 5.58505 3.14159 0.707429 0.785398 4.71239 nan nan nan nan nan nan
0.1 0.5
0 0 3.14159 -0.477387 0.349066 3.14159 -0.954774 0.349066 3.14159 -0.477387 0 3.14159 -0.954774 0 3.14159 -0.477387 5.75959 3.14159 -0.954774 5.75959 3.14159 -0.477387 5.58505 3.14159 -0.954774 5.58505 3.14159 0.744343 0.785398 4.71239 nan nan nan nan nan nan
0.1 0.5
0 0 3.14159 -0.438901 0.349066 3.14159 -0.877803 0.349066 3.14159 -0.438901 0 3.14159 -0.877803 0 3.14159 -0.438901 5.75959 3.14159 -0.877803 5.75959 3.14159 -0.438901 5.58505 3.14159 -0.877803 5.58505 3.14159 0.782829 0.785398 4.71239 nan nan nan nan nan nan
0.1 0.5
0 0 3.14159 -0.4012 0.349066 3.14159 -0.802401 0.349066 3.14159 -0.4012 0 3.14159 -0.802401 0 3.14159 -0.4012 5.75959 3.14159 -0.802401 5.75959 3.14159 -0.4012 5.58505 3.14159 -0.802401 5.58505 3.14159 0.82053 0.785398 4.71239 nan nan nan nan nan nan
0.1 0.5
0 0 3.14159 -0.363501 0.349066 3.14159 -0.727002 0.349066 3.14159 -0.363501 0 3.14159 -0.727002 0 3.14159 -0.363501 5.75959 3.14159 -0.727002 5.75959 3.14159 -0.363501 5.58505 3.14159 -0.727002 5.58505 3.14159 0.858229 0.785398 4.71239 nan nan nan nan nan nan
0.1 0.5
0 0 3.14159 -0.3258 0.349066 3.14159 -0.6516 0.349066 3.14159 -0.3258 0 3.14159 -0.6516 0 3.14159 -0.3258 5.75959 3.14159 -0.6516 5.75959 3.14159 -0.3258 5.58505 3.14159 -0.6516 5.58505 3.14159 0.89593 0.785398 4.71239 nan nan nan nan nan nan
0.1 0.5
0 0 3.14159 -0.288887 0.349066 3.14159 -0.577774 0.349066 3.14159 -0.288887 0 3.14159 -0.577774 0 3.14159 -0.288887 5.75959 3.14159 -0.577774 5.75959 3.14159 -0.288887 5.58505 3.14159 -0.577774 5.58505 3.14159 0.932843 0.785398 4.71239 nan nan nan nan nan nan
0.1 0.5
0 0 3.14159 -0.251188 0.349066 3.14159 -0.502376 0.349066 3.14159 -0.251188 0 3.14159 -0.502376 0 3.14159 -0.251188 5.75959 3.14159 -0.502376 5.75959 3.14159 -0.251188 5.58505 3.14159 -0.502376 5.58505 3.14159 0.970543 0.785398 4.71239 nan nan nan nan nan nan
0.1 0.5
0 0 3.14159 -0.213488 0.349066 3.14159 -0.426977 0.349066 3.14159 -0.213488 0 3.14159 -0.426977 0 3.14159 -0.213488 5.75959 3.14159 -0.426977 5.75959 3.14159 -0.213488 5.58505 3.14159 -0.426977 5.58505 3.14159 1.00824 0.785398 4.71239 nan nan nan nan nan nan
0.1 0.5
0 0 3.14159 -0.175003 0.349066 3.14159 -0.350005 0.349066 3.14159 -0.175003 0 3.14159 -0.350005 0 3.14159 -0.175003 5.75959 3.14159 -0.350005 5.75959 3.14159 -0.175003 5.58505 3.14159 -0.350005 5.58505 3.14159 1.04673 0.785398 4.71239 nan nan nan nan nan nan
0.1 0.5
0 0 3.14159 -0.137303 0.349066 3.14159 -0.274607 0.349066 3.14159 -0.137303 0 3.14159 -0.274607 0 3.14159 -0.137303 5.75959 3.14159 -0.274607 5.75959 3.14159 -0.137303 5.58505 3.14159 -0.274607 5.58505 3.14159 1.08443 0.785398 4.71239 nan nan nan nan nan nan
0.1 0.5
0 0 3.14159 -0.0996039 0.349066 3.14159 -0.199208 0.349066 3.14159 -0.0996039 0 3.14159 -0.199208 0 3.14159 -0.0996039 5.75959 3.14159 -0.199208 5.75959 3.14159 -0.0996039 5.58505 3.14159 -0.199208 5.58505 3.14159 1.12213 0.785398 4.71239 nan nan nan nan nan nan
0.1 0.5
0 0 3.14159 -0.062691 0.349066 3.14159 -0.125382 0.349066 3.14159 -0.062691 0 3.14159 -0.125382 0 3.14159 -0.062691 5.75959 3.14159 -0.125382 5.75959 3.14159 -0.062691 5.58505 3.14159 -0.125382 5.58505 3.14159 1.15904 0.785398 4.71239 nan nan nan nan nan nan