0.1 0.5
-0.713529 nan 0 5.56966 0 0 5.56966 0 0 3.99886 0 0 2.42806 0 0 3.99886 5.93412 0 2.42806 5.93412 0 3.99886 5.75959 0 2.42806 5.75959 0 5.04606 5.75959 0 nan nan nan nan nan nan
0.1 0.5
-0.659052 nan 0 5.62413 0 0 5.62413 0 0 4.05334 0 0 2.48254 0 0 4.05334 5.93412 0 2.48254 5.93412 0 4.05334 5.75959 0 2.48254 5.75959 0 5.10053 5.75959 0 nan nan nan nan nan nan
0.1 0.5
-0.590928 nan 0 5.69226 0 0 5.69226 0 0 4.12146 0 0 2.55066 0 0 4.12146 5.93412 0 2.55066 5.93412 0 4.12146 5.75959 0 2.55066 5.75959 0 5.16866 5.75959 0 nan nan nan nan nan nan
0.1 0.5
-0.510572 nan 0 5.77261 0 0 5.77261 0 0 4.20182 0 0 2.63102 0 0 4.20182 5.93412 0 2.63102 5.93412 0 4.20182 5.75959 0 2.63102 5.75959 0 5.24901 5.75959 0 nan nan nan nan nan nan
0.1 0.5
-0.419657 nan 0 5.86353 0 0 5.86353 0 0 4.29273 0 0 2.72194 0 0 4.29273 5.93412 0 2.72194 5.93412 0 4.29273 5.75959 0 2.72194 5.75959 0 5.33993 5.75959 0 nan nan nan nan nan nan
0.1 0.5
-0.3179 nan 0 5.96529 0 0 5.96529 0 0 4.39449 0 0 2.82369 0 0 4.39449 5.93412 0 2.82369 5.93412 0 4.39449 5.75959 0 2.82369 5.75959 0 5.44169 5.75959 0 nan nan nan nan nan nan
0.1 0.5
-0.213823 nan 0 6.06936 0 0 6.06936 0 0 4.49857 0 0 2.92777 0 0 4.49857 5.93412 0 2.92777 5.93412 0 4.49857 5.75959 0 2.92777 5.75959 0 5.54576 5.75959 0 nan nan nan nan nan nan
0.1 0.5
-0.100834 nan 0 6.18235 0 0 6.18235 0 0 4.61156 0 0 3.04076 0 0 4.61156 5.93412 0 3.04076 5.93412 0 4.61156 5.75959 0 3.04076 5.75959 0 5.65875 5.75959 0 nan nan nan nan nan nan
0.1 0.5
0.0119701 nan 0 0.0119701 0 0 0.0119701 0 0 4.72436 0 0 3.15356 0 0 4.72436 5.93412 0 3.15356 5.93412 0 4.72436 5.75959 0 3.15356 5.75959 0 5.77156 5.75959 0 nan nan nan nan nan nan
0.1 0.5
0.122206 nan 0 0.122206 0 0 0.122206 0 0 4.8346 0 0 3.2638 0 0 4.8346 5.93412 0 3.2638 5.93412 0 4.8346 5.75959 0 3.2638 5.75959 0 5.88179 5.75959 0 nan nan nan nan nan nan
0.1 0.5
0.234528 nan 0 0.234528 0 0 0.234528 0 0 4.94692 0 0 3.37612 0 0 4.94692 5.93412 0 3.37612 5.93412 0 4.94692 5.75959 0 3.37612 5.75959 0 5.99411 5.75959 0 nan nan nan nan nan nan
0.1 0.5
0.337533 nan 0 0.337533 0 0 0.337533 0 0 5.04992 0 0 3.47913 0 0 5.04992 5.93412 0 3.47913 5.93412 0 5.04992 5.75959 0 3.47913 5.75959 0 6.09712 5.75959 0 nan nan nan nan nan nan
0.1 0.5
0.437748 nan 0 0.437748 0 0 0.437748 0 0 5.15014 0 0 3.57934 0 0 5.15014 5.93412 0 3.57934 5.93412 0 5.15014 5.75959 0 3.57934 5.75959 0 6.19733 5.75959 0 nan nan nan nan nan nan
0.1 0.5
0.525039 nan 0 0.525039 0 0 0.525039 0 0 5.23743 0 0 3.66663 0 0 5.23743 5.93412 0 3.66663 5.93412 0 5.23743 5.75959 0 3.66663 5.75959 0 0.00144005 5.75959 0 nan nan nan nan nan nan
0.1 0.5
0.603425 nan 0 0.603425 0 0 0.603425 0 0 5.31581 0 0 3.74502 0 0 5.31581 5.93412 0 3.74502 5.93412 0 5.31581 5.75959 0 3.74502 5.75959 0 0.0798259 5.75959 0 nan nan nan nan nan nan
0.1 0.5
0.66932 nan 0 0.66932 0 0 0.66932 0 0 5.38171 0 0 3.81091 0 0 5.38171 5.93412 0 3.81091 5.93412 0 5.38171 5.75959 0 3.81091 5.75959 0 0.145721 5.75959 0 nan nan nan nan nan nan