0.1 0.5
0.783706 0 0 0.783706 0 0 0.783706 0 0 0.783706 0 0 0.783706 0 0 5.4961 5.93412 0 3.9253 5.93412 0 5.4961 5.75959 0 3.9253 5.75959 0 6.54329 5.75959 0 nan nan nan nan nan nan
0.1 0.5
0.768687 0 0 0.768687 0 0 0.768687 0 0 0.768687 0 0 0.768687 0 0 5.48108 5.93412 0 3.91028 5.93412 0 5.48108 5.75959 0 3.91028 5.75959 0 6.52827 5.75959 0 nan nan nan nan nan nan
0.1 0.5
0.730055 0 0 0.730055 0 0 0.730055 0 0 0.730055 0 0 0.730055 0 0 5.44244 5.93412 0 3.87165 5.93412 0 5.44244 5.75959 0 3.87165 5.75959 0 6.48964 5.75959 0 nan nan nan nan nan nan
0.1 0.5
0.684431 0 0 0.684431 0 0 0.684431 0 0 0.684431 0 0 0.684431 0 0 5.39682 5.93412 0 3.82602 5.93412 0 5.39682 5.75959 0 3.82602 5.75959 0 6.44402 5.75959 0 nan nan nan nan nan nan
0.1 0.5
0.62635 0 0 0.62635 0 0 0.62635 0 0 0.62635 0 0 0.62635 0 0 5.33874 5.93412 0 3.76794 5.93412 0 5.33874 5.75959 0 3.76794 5.75959 0 6.38594 5.75959 0 nan nan nan nan nan nan
0.1 0.5
0.538299 0 0 0.538299 0 0 0.538299 0 0 0.538299 0 0 0.538299 0 0 5.25069 5.93412 0 3.67989 5.93412 0 5.25069 5.75959 0 3.67989 5.75959 0 6.29789 5.75959 0 nan nan nan nan nan nan
0.1 0.5
0.454507 0 0 0.454507 0 0 0.454507 0 0 0.454507 0 0 0.454507 0 0 5.1669 5.93412 0 3.5961 5.93412 0 5.1669 5.75959 0 3.5961 5.75959 0 6.21409 5.75959 0 nan nan nan nan nan nan
0.1 0.5
0.341006 0 0 0.341006 0 0 0.341006 0 0 0.341006 0 0 0.341006 0 0 5.05339 5.93412 0 3.4826 5.93412 0 5.05339 5.75959 0 3.4826 5.75959 0 6.10059 5.75959 0 nan nan nan nan nan nan
0.1 0.5
0.242673 0 0 0.242673 0 0 0.242673 0 0 0.242673 0 0 0.242673 0 0 4.95506 5.93412 0 3.38427 5.93412 0 4.95506 5.75959 0 3.38427 5.75959 0 6.00226 5.75959 0 nan nan nan nan nan nan
0.1 0.5
0.119013 0 0 0.119013 0 0 0.119013 0 0 0.119013 0 0 0.119013 0 0 4.8314 5.93412 0 3.26061 5.93412 0 4.8314 5.75959 0 3.26061 5.75959 0 5.8786 5.75959 0 nan nan nan nan nan nan
0.1 0.5
0.0134424 0 0 0.0134424 0 0 0.0134424 0 0 0.0134424 0 0 0.0134424 0 0 4.72583 5.93412 0 3.15504 5.93412 0 4.72583 5.75959 0 3.15504 5.75959 0 5.77303 5.75959 0 nan nan nan nan nan nan
0.1 0.5
-0.115725 0 0 -0.115725 0 0 -0.115725 0 0 -0.115725 0 0 -0.115725 0 0 4.59666 5.93412 0 3.02587 5.93412 0 4.59666 5.75959 0 3.02587 5.75959 0 5.64386 5.75959 0 nan nan nan nan nan nan
0.1 0.5
-0.219233 0 0 -0.219233 0 0 -0.219233 0 0 -0.219233 0 0 -0.219233 0 0 4.49316 5.93412 0 2.92236 5.93412 0 4.49316 5.75959 0 2.92236 5.75959 0 5.54035 5.75959 0 nan nan nan nan nan nan