0.1 0.5
0 -3.12591 4.71239 0 5.41052 4.71239 0 5.41052 4.71239 0 4.71239 4.71239 0 4.71239 4.71239 0 4.18879 4.71239 0 4.18879 4.71239 0 4.01426 4.71239 0 4.01426 4.71239 0 5.58505 4.71239 0 -3.12591 4.71239 0 -2.59717 4.71239
0.1 0.5
0 -3.10595 4.71239 0 5.41052 4.71239 0 5.41052 4.71239 0 4.71239 4.71239 0 4.71239 4.71239 0 4.18879 4.71239 0 4.18879 4.71239 0 4.01426 4.71239 0 4.01426 4.71239 0 5.58505 4.71239 0 -3.10595 4.71239 0 -2.584 4.71239
0.1 0.5
0 -3.07737 4.71239 0 5.41052 4.71239 0 5.41052 4.71239 0 4.71239 4.71239 0 4.71239 4.71239 0 4.18879 4.71239 0 4.18879 4.71239 0 4.01426 4.71239 0 4.01426 4.71239 0 5.58505 4.71239 0 -3.07737 4.71239 0 -2.56514 4.71239
0.1 0.5
0 -3.04232 4.71239 0 5.41052 4.71239 0 5.41052 4.71239 0 4.71239 4.71239 0 4.71239 4.71239 0 4.18879 4.71239 0 4.18879 4.71239 0 4.01426 4.71239 0 4.01426 4.71239 0 5.58505 4.71239 0 -3.04232 4.71239 0 -2.542 4.71239
0.1 0.5
0 -2.99898 4.71239 0 5.41052 4.71239 0 5.41052 4.71239 0 4.71239 4.71239 0 4.71239 4.71239 0 4.18879 4.71239 0 4.18879 4.71239 0 4.01426 4.71239 0 4.01426 4.71239 0 5.58505 4.71239 0 -2.99898 4.71239 0 -2.51339 4.71239
0.1 0.5
0 -2.94823 4.71239 0 5.41052 4.71239 0 5.41052 4.71239 0 4.71239 4.71239 0 4.71239 4.71239 0 4.18879 4.71239 0 4.18879 4.71239 0 4.01426 4.71239 0 4.01426 4.71239 0 5.58505 4.71239 0 -2.94823 4.71239 0 -2.4799 4.71239
0.1 0.5
0 -2.89035 4.71239 0 5.41052 4.71239 0 5.41052 4.71239 0 4.71239 4.71239 0 4.71239 4.71239 0 4.18879 4.71239 0 4.18879 4.71239 0 4.01426 4.71239 0 4.01426 4.71239 0 5.58505 4.71239 0 -2.89035 4.71239 0 -2.4417 4.71239
0.1 0.5
0 -2.82422 4.71239 0 5.41052 4.71239 0 5.41052 4.71239 0 4.71239 4.71239 0 4.71239 4.71239 0 4.18879 4.71239 0 4.18879 4.71239 0 4.01426 4.71239 0 4.01426 4.71239 0 5.58505 4.71239 0 -2.82422 4.71239 0 -2.39806 4.71239
0.1 0.5
0 -2.75287 4.71239 0 5.41052 4.71239 0 5.41052 4.71239 0 4.71239 4.71239 0 4.71239 4.71239 0 4.18879 4.71239 0 4.18879 4.71239 0 4.01426 4.71239 0 4.01426 4.71239 0 5.58505 4.71239 0 -2.75287 4.71239 0 -2.35097 4.71239
0.1 0.5
0 -2.67707 4.71239 0 5.41052 4.71239 0 5.41052 4.71239 0 4.71239 4.71239 0 4.71239 4.71239 0 4.18879 4.71239 0 4.18879 4.71239 0 4.01426 4.71239 0 4.01426 4.71239 0 5.58505 4.71239 0 -2.67707 4.71239 0 -2.30094 4.71239
0.1 0.5
0 -2.59399 4.71239 0 5.41052 4.71239 0 5.41052 4.71239 0 4.71239 4.71239 0 4.71239 4.71239 0 4.18879 4.71239 0 4.18879 4.71239 0 4.01426 4.71239 0 4.01426 4.71239 0 5.58505 4.71239 0 -2.59399 4.71239 0 -2.2461 4.71239
0.1 0.5
0 -2.50371 4.71239 0 5.41052 4.71239 0 5.41052 4.71239 0 4.71239 4.71239 0 4.71239 4.71239 0 4.18879 4.71239 0 4.18879 4.71239 0 4.01426 4.71239 0 4.01426 4.71239 0 5.58505 4.71239 0 -2.50371 4.71239 0 -2.18652 4.71239
0.1 0.5
0 -2.41039 4.71239 0 5.41052 4.71239 0 5.41052 4.71239 0 4.71239 4.71239 0 4.71239 4.71239 0 4.18879 4.71239 0 4.18879 4.71239 0 4.01426 4.71239 0 4.01426 4.71239 0 5.58505 4.71239 0 -2.41039 4.71239 0 -2.12493 4.71239
0.1 0.5
0 -2.31479 4.71239 0 5.41052 4.71239 0 5.41052 4.71239 0 4.71239 4.71239 0 4.71239 4.71239 0 4.18879 4.71239 0 4.18879 4.71239 0 4.01426 4.71239 0 4.01426 4.71239 0 5.58505 4.71239 0 -2.31479 4.71239 0 -2.06183 4.71239
0.1 0.5
0 -2.21335 4.71239 0 5.41052 4.71239 0 5.41052 4.71239 0 4.71239 4.71239 0 4.71239 4.71239 0 4.18879 4.71239 0 4.18879 4.71239 0 4.01426 4.71239 0 4.01426 4.71239 0 5.58505 4.71239 0 -2.21335 4.71239 0 -1.99488 4.71239
0.1 0.5
0 -2.10858 4.71239 0 5.41052 4.71239 0 5.41052 4.71239 0 4.71239 4.71239 0 4.71239 4.71239 0 4.18879 4.71239 0 4.18879 4.71239 0 4.01426 4.71239 0 4.01426 4.71239 0 5.58505 4.71239 0 -2.10858 4.71239 0 -1.92574 4.71239
0.1 0.5
0 -2.00103 4.71239 0 5.41052 4.71239 0 5.41052 4.71239 0 4.71239 4.71239 0 4.71239 4.71239 0 4.18879 4.71239 0 4.18879 4.71239 0 4.01426 4.71239 0 4.01426 4.71239 0 5.58505 4.71239 0 -2.00103 4.71239 0 -1.85475 4.71239
0.1 0.5
0 -1.89124 4.71239 0 5.41052 4.71239 0 5.41052 4.71239 0 4.71239 4.71239 0 4.71239 4.71239 0 4.18879 4.71239 0 4.18879 4.71239 0 4.01426 4.71239 0 4.01426 4.71239 0 5.58505 4.71239 0 -1.89124 4.71239 0 -1.78229 4.71239
0.1 0.5
0 -1.77746 4.71239 0 5.41052 4.71239 0 5.41052 4.71239 0 4.71239 4.71239 0 4.71239 4.71239 0 4.18879 4.71239 0 4.18879 4.71239 0 4.01426 4.71239 0 4.01426 4.71239 0 5.58505 4.71239 0 -1.77746 4.71239 0 -1.7072 4.71239
0.1 0.5
0 -1.66727 4.71239 0 5.41052 4.71239 0 5.41052 4.71239 0 4.71239 4.71239 0 4.71239 4.71239 0 4.18879 4.71239 0 4.18879 4.71239 0 4.01426 4.71239 0 4.01426 4.71239 0 5.58505 4.71239 0 -1.66727 4.71239 0 -1.63447 4.71239
0.1 0.5
0 -1.55424 4.71239 0 5.41052 4.71239 0 5.41052 4.71239 0 4.71239 4.71239 0 4.71239 4.71239 0 4.18879 4.71239 0 4.18879 4.71239 0 4.01426 4.71239 0 4.01426 4.71239 0 5.58505 4.71239 0 -1.55424 4.71239 0 -1.55987 4.71239
0.1 0.5
0 -1.43895 4.71239 0 5.41052 4.71239 0 5.41052 4.71239 0 4.71239 4.71239 0 4.71239 4.71239 0 4.18879 4.71239 0 4.18879 4.71239 0 4.01426 4.71239 0 4.01426 4.71239 0 5.58505 4.71239 0 -1.43895 4.71239 0 -1.48378 4.71239
0.1 0.5
0 -1.32903 4.71239 0 5.41052 4.71239 0 5.41052 4.71239 0 4.71239 4.71239 0 4.71239 4.71239 0 4.18879 4.71239 0 4.18879 4.71239 0 4.01426 4.71239 0 4.01426 4.71239 0 5.58505 4.71239 0 -1.32903 4.71239 0 -1.41123 4.71239
0.1 0.5
0 -1.21801 4.71239 0 5.41052 4.71239 0 5.41052 4.71239 0 4.71239 4.71239 0 4.71239 4.71239 0 4.18879 4.71239 0 4.18879 4.71239 0 4.01426 4.71239 0 4.01426 4.71239 0 5.58505 4.71239 0 -1.21801 4.71239 0 -1.33796 4.71239
0.1 0.5
0 -1.10882 4.71239 0 5.41052 4.71239 0 5.41052 4.71239 0 4.71239 4.71239 0 4.71239 4.71239 0 4.18879 4.71239 0 4.18879 4.71239 0 4.01426 4.71239 0 4.01426 4.71239 0 5.58505 4.71239 0 -1.10882 4.71239 0 -1.26589 4.71239
0.1 0.5
0 -1.00202 4.71239 0 5.41052 4.71239 0 5.41052 4.71239 0 4.71239 4.71239 0 4.71239 4.71239 0 4.18879 4.71239 0 4.18879 4.71239 0 4.01426 4.71239 0 4.01426 4.71239 0 5.58505 4.71239 0 -1.00202 4.71239 0 -1.1954 4.71239
0.1 0.5
0 -0.898169 4.71239 0 5.41052 4.71239 0 5.41052 4.71239 0 4.71239 4.71239 0 4.71239 4.71239 0 4.18879 4.71239 0 4.18879 4.71239 0 4.01426 4.71239 0 4.01426 4.71239 0 5.58505 4.71239 0 -0.898169 4.71239 0 -1.12686 4.71239
0.1 0.5
0 -0.797803 4.71239 0 5.41052 4.71239 0 5.41052 4.71239 0 4.71239 4.71239 0 4.71239 4.71239 0 4.18879 4.71239 0 4.18879 4.71239 0 4.01426 4.71239 0 4.01426 4.71239 0 5.58505 4.71239 0 -0.797803 4.71239 0 -1.06062 4.71239
0.1 0.5
0 -0.701442 4.71239 0 5.41052 4.71239 0 5.41052 4.71239 0 4.71239 4.71239 0 4.71239 4.71239 0 4.18879 4.71239 0 4.18879 4.71239 0 4.01426 4.71239 0 4.01426 4.71239 0 5.58505 4.71239 0 -0.701442 4.71239 0 -0.997023 4.71239
0.1 0.5
0 -0.609585 4.71239 0 5.41052 4.71239 0 5.41052 4.71239 0 4.71239 4.71239 0 4.71239 4.71239 0 4.18879 4.71239 0 4.18879 4.71239 0 4.01426 4.71239 0 4.01426 4.71239 0 5.58505 4.71239 0 -0.609585 4.71239 0 -0.936397 4.71239
0.1 0.5
0 -0.522709 4.71239 0 5.41052 4.71239 0 5.41052 4.71239 0 4.71239 4.71239 0 4.71239 4.71239 0 4.18879 4.71239 0 4.18879 4.71239 0 4.01426 4.71239 0 4.01426 4.71239 0 5.58505 4.71239 0 -0.522709 4.71239 0 -0.879059 4.71239
0.1 0.5
0 -0.441262 4.71239 0 5.41052 4.71239 0 5.41052 4.71239 0 4.71239 4.71239 0 4.71239 4.71239 0 4.18879 4.71239 0 4.18879 4.71239 0 4.01426 4.71239 0 4.01426 4.71239 0 5.58505 4.71239 0 -0.441262 4.71239 0 -0.825304 4.71239
0.1 0.5
0 -0.365668 4.71239 0 5.41052 4.71239 0 5.41052 4.71239 0 4.71239 4.71239 0 4.71239 4.71239 0 4.18879 4.71239 0 4.18879 4.71239 0 4.01426 4.71239 0 4.01426 4.71239 0 5.58505 4.71239 0 -0.365668 4.71239 0 -0.775412 4.71239
0.1 0.5
0 -0.296317 4.71239 0 5.41052 4.71239 0 5.41052 4.71239 0 4.71239 4.71239 0 4.71239 4.71239 0 4.18879 4.71239 0 4.18879 4.71239 0 4.01426 4.71239 0 4.01426 4.71239 0 5.58505 4.71239 0 -0.296317 4.71239 0 -0.72964 4.71239
0.1 0.5
0 -0.23357 4.71239 0 5.41052 4.71239 0 5.41052 4.71239 0 4.71239 4.71239 0 4.71239 4.71239 0 4.18879 4.71239 0 4.18879 4.71239 0 4.01426 4.71239 0 4.01426 4.71239 0 5.58505 4.71239 0 -0.23357 4.71239 0 -0.688227 4.71239
0.1 0.5
0 -0.177751 4.71239 0 5.41052 4.71239 0 5.41052 4.71239 0 4.71239 4.71239 0 4.71239 4.71239 0 4.18879 4.71239 0 4.18879 4.71239 0 4.01426 4.71239 0 4.01426 4.71239 0 5.58505 4.71239 0 -0.177751 4.71239 0 -0.651386 4.71239
0.1 0.5
0 -0.128215 4.71239 0 5.41052 4.71239 0 5.41052 4.71239 0 4.71239 4.71239 0 4.71239 4.71239 0 4.18879 4.71239 0 4.18879 4.71239 0 4.01426 4.71239 0 4.01426 4.71239 0 5.58505 4.71239 0 -0.128215 4.71239 0 -0.618693 4.71239
0.1 0.5
0 -0.0880159 4.71239 0 5.41052 4.71239 0 5.41052 4.71239 0 4.71239 4.71239 0 4.71239 4.71239 0 4.18879 4.71239 0 4.18879 4.71239 0 4.01426 4.71239 0 4.01426 4.71239 0 5.58505 4.71239 0 -0.0880159 4.71239 0 -0.592161 4.71239
0.1 0.5
0 -0.0539519 4.71239 0 5.41052 4.71239 0 5.41052 4.71239 0 4.71239 4.71239 0 4.71239 4.71239 0 4.18879 4.71239 0 4.18879 4.71239 0 4.01426 4.71239 0 4.01426 4.71239 0 5.58505 4.71239 0 -0.0539519 4.71239 0 -0.569679 4.71239
0.1 0.5
0 -0.0285222 4.71239 0 5.41052 4.71239 0 5.41052 4.71239 0 4.71239 4.71239 0 4.71239 4.71239 0 4.18879 4.71239 0 4.18879 4.71239 0 4.01426 4.71239 0 4.01426 4.71239 0 5.58505 4.71239 0 -0.0285222 4.71239 0 -0.552895 4.71239
0.1 0.5
0 -0.011364 4.71239 0 5.41052 4.71239 0 5.41052 4.71239 0 4.71239 4.71239 0 4.71239 4.71239 0 4.18879 4.71239 0 4.18879 4.71239 0 4.01426 4.71239 0 4.01426 4.71239 0 5.58505 4.71239 0 -0.011364 4.71239 0 -0.541571 4.71239
0.1 0.5
0 -0.00183687 4.71239 0 5.41052 4.71239 0 5.41052 4.71239 0 4.71239 4.71239 0 4.71239 4.71239 0 4.18879 4.71239 0 4.18879 4.71239 0 4.01426 4.71239 0 4.01426 4.71239 0 5.58505 4.71239 0 -0.00183687 4.71239 0 -0.535283 4.71239
0.1 0.5
0 -0.000438497 4.71239 0 5.41052 4.71239 0 5.41052 4.71239 0 4.71239 4.71239 0 4.71239 4.71239 0 4.18879 4.71239 0 4.18879 4.71239 0 4.01426 4.71239 0 4.01426 4.71239 0 5.58505 4.71239 0 -0.000438497 4.71239 0 -0.53436 4.71239
0.1 0.5
0 -0.00717616 4.71239 0 5.41052 4.71239 0 5.41052 4.71239 0 4.71239 4.71239 0 4.71239 4.71239 0 4.18879 4.71239 0 4.18879 4.71239 0 4.01426 4.71239 0 4.01426 4.71239 0 5.58505 4.71239 0 -0.00717616 4.71239 0 -0.538807 4.71239
0.1 0.5
0 -0.022015 4.71239 0 5.41052 4.71239 0 5.41052 4.71239 0 4.71239 4.71239 0 4.71239 4.71239 0 4.18879 4.71239 0 4.18879 4.71239 0 4.01426 4.71239 0 4.01426 4.71239 0 5.58505 4.71239 0 -0.022015 4.71239 0 -0.548601 4.71239
0.1 0.5
0 -0.044878 4.71239 0 5.41052 4.71239 0 5.41052 4.71239 0 4.71239 4.71239 0 4.71239 4.71239 0 4.18879 4.71239 0 4.18879 4.71239 0 4.01426 4.71239 0 4.01426 4.71239 0 5.58505 4.71239 0 -0.044878 4.71239 0 -0.56369 4.71239
0.1 0.5
0 -0.0763705 4.71239 0 5.41052 4.71239 0 5.41052 4.71239 0 4.71239 4.71239 0 4.71239 4.71239 0 4.18879 4.71239 0 4.18879 4.71239 0 4.01426 4.71239 0 4.01426 4.71239 0 5.58505 4.71239 0 -0.0763705 4.71239 0 -0.584475 4.71239
0.1 0.5
0 -0.114162 4.71239 0 5.41052 4.71239 0 5.41052 4.71239 0 4.71239 4.71239 0 4.71239 4.71239 0 4.18879 4.71239 0 4.18879 4.71239 0 4.01426 4.71239 0 4.01426 4.71239 0 5.58505 4.71239 0 -0.114162 4.71239 0 -0.609418 4.71239
0.1 0.5
0 -0.161262 4.71239 0 5.41052 4.71239 0 5.41052 4.71239 0 4.71239 4.71239 0 4.71239 4.71239 0 4.18879 4.71239 0 4.18879 4.71239 0 4.01426 4.71239 0 4.01426 4.71239 0 5.58505 4.71239 0 -0.161262 4.71239 0 -0.640504 4.71239
0.1 0.5
0 -0.214782 4.71239 0 5.41052 4.71239 0 5.41052 4.71239 0 4.71239 4.71239 0 4.71239 4.71239 0 4.18879 4.71239 0 4.18879 4.71239 0 4.01426 4.71239 0 4.01426 4.71239 0 5.58505 4.71239 0 -0.214782 4.71239 0 -0.675827 4.71239
0.1 0.5
0 -0.273996 4.71239 0 5.41052 4.71239 0 5.41052 4.71239 0 4.71239 4.71239 0 4.71239 4.71239 0 4.18879 4.71239 0 4.18879 4.71239 0 4.01426 4.71239 0 4.01426 4.71239 0 5.58505 4.71239 0 -0.273996 4.71239 0 -0.714908 4.71239
0.1 0.5
0 -0.341117 4.71239 0 5.41052 4.71239 0 5.41052 4.71239 0 4.71239 4.71239 0 4.71239 4.71239 0 4.18879 4.71239 0 4.18879 4.71239 0 4.01426 4.71239 0 4.01426 4.71239 0 5.58505 4.71239 0 -0.341117 4.71239 0 -0.759208 4.71239
0.1 0.5
0 -0.414609 4.71239 0 5.41052 4.71239 0 5.41052 4.71239 0 4.71239 4.71239 0 4.71239 4.71239 0 4.18879 4.71239 0 4.18879 4.71239 0 4.01426 4.71239 0 4.01426 4.71239 0 5.58505 4.71239 0 -0.414609 4.71239 0 -0.807712 4.71239
0.1 0.5
0 -0.494091 4.71239 0 5.41052 4.71239 0 5.41052 4.71239 0 4.71239 4.71239 0 4.71239 4.71239 0 4.18879 4.71239 0 4.18879 4.71239 0 4.01426 4.71239 0 4.01426 4.71239 0 5.58505 4.71239 0 -0.494091 4.71239 0 -0.86017 4.71239
0.1 0.5
0 -0.579151 4.71239 0 5.41052 4.71239 0 5.41052 4.71239 0 4.71239 4.71239 0 4.71239 4.71239 0 4.18879 4.71239 0 4.18879 4.71239 0 4.01426 4.71239 0 4.01426 4.71239 0 5.58505 4.71239 0 -0.579151 4.71239 0 -0.91631 4.71239
0.1 0.5
0 -0.671278 4.71239 0 5.41052 4.71239 0 5.41052 4.71239 0 4.71239 4.71239 0 4.71239 4.71239 0 4.18879 4.71239 0 4.18879 4.71239 0 4.01426 4.71239 0 4.01426 4.71239 0 5.58505 4.71239 0 -0.671278 4.71239 0 -0.977114 4.71239
0.1 0.5
0 -0.764217 4.71239 0 5.41052 4.71239 0 5.41052 4.71239 0 4.71239 4.71239 0 4.71239 4.71239 0 4.18879 4.71239 0 4.18879 4.71239 0 4.01426 4.71239 0 4.01426 4.71239 0 5.58505 4.71239 0 -0.764217 4.71239 0 -1.03845 4.71239
0.1 0.5
0 -0.863265 4.71239 0 5.41052 4.71239 0 5.41052 4.71239 0 4.71239 4.71239 0 4.71239 4.71239 0 4.18879 4.71239 0 4.18879 4.71239 0 4.01426 4.71239 0 4.01426 4.71239 0 5.58505 4.71239 0 -0.863265 4.71239 0 -1.10383 4.71239
0.1 0.5
0 -0.965978 4.71239 0 5.41052 4.71239 0 5.41052 4.71239 0 4.71239 4.71239 0 4.71239 4.71239 0 4.18879 4.71239 0 4.18879 4.71239 0 4.01426 4.71239 0 4.01426 4.71239 0 5.58505 4.71239 0 -0.965978 4.71239 0 -1.17162 4.71239
0.1 0.5
0 -1.07182 4.71239 0 5.41052 4.71239 0 5.41052 4.71239 0 4.71239 4.71239 0 4.71239 4.71239 0 4.18879 4.71239 0 4.18879 4.71239 0 4.01426 4.71239 0 4.01426 4.71239 0 5.58505 4.71239 0 -1.07182 4.71239 0 -1.24147 4.71239
0.1 0.5
0 -1.18026 4.71239 0 5.41052 4.71239 0 5.41052 4.71239 0 4.71239 4.71239 0 4.71239 4.71239 0 4.18879 4.71239 0 4.18879 4.71239 0 4.01426 4.71239 0 4.01426 4.71239 0 5.58505 4.71239 0 -1.18026 4.71239 0 -1.31304 4.71239
0.1 0.5
0 -1.29071 4.71239 0 5.41052 4.71239 0 5.41052 4.71239 0 4.71239 4.71239 0 4.71239 4.71239 0 4.18879 4.71239 0 4.18879 4.71239 0 4.01426 4.71239 0 4.01426 4.71239 0 5.58505 4.71239 0 -1.29071 4.71239 0 -1.38594 4.71239
0.1 0.5
0 -1.40262 4.71239 0 5.41052 4.71239 0 5.41052 4.71239 0 4.71239 4.71239 0 4.71239 4.71239 0 4.18879 4.71239 0 4.18879 4.71239 0 4.01426 4.71239 0 4.01426 4.71239 0 5.58505 4.71239 0 -1.40262 4.71239 0 -1.4598 4.71239
0.1 0.5
0 -1.5154 4.71239 0 5.41052 4.71239 0 5.41052 4.71239 0 4.71239 4.71239 0 4.71239 4.71239 0 4.18879 4.71239 0 4.18879 4.71239 0 4.01426 4.71239 0 4.01426 4.71239 0 5.58505 4.71239 0 -1.5154 4.71239 0 -1.53423 4.71239